(2.700540542602539, 0.008968353271484375, 1.1920928955078125e-05, 0.00010728836059570312)
(2.7233011722564697, 0.003365814685821533, 0.002589702606201172, 0.36094093322753906)
(2.433418035507202, 0.0033262968063354492, 0.0012974739074707031, 0.9793627262115479)
(2.437296152114868, 0.003287196159362793, 0.0017192363739013672, 1.39693284034729)
(2.735903263092041, 0.006996452808380127, 0.0051937103271484375, 1.7650446891784668)
(2.591718912124634, 0.0033791065216064453, 0.002767801284790039, 2.0446524620056152)
(2.40838885307312, 0.011050283908843994, 0.0032422542572021484, 2.735898494720459)
(2.4271175861358643, 0.0034598112106323242, 0.013937711715698242, 2.034968852996826)
(3.338231325149536, 0.003578007221221924, 0.015500068664550781, 2.458672285079956)
(2.1326255798339844, 0.0032905936241149902, 0.006847381591796875, 2.1264493465423584)
